0 0 0 0 0 0
0.0276836 -0.055435 1.08948 -2.18253 -7.50765 0.05
0.105484 -0.211452 1.96625 -3.94724 -7.50765 0.05
0.216791 -0.435325 2.40307 -4.84408 -7.50765 0.05
0.338691 -0.681929 2.42125 -4.91983 -7.50765 0.05
0.455652 -0.921125 2.23935 -4.61613 -7.50765 0.05
0.561683 -1.14208 1.99777 -4.21864 -7.50765 0.05
0.655249 -1.34314 1.74429 -3.82824 -7.50765 0.05
0.736077 -1.52544 1.4884 -3.46939 -7.50765 0.05
0.804012 -1.69062 1.22781 -3.14267 -7.50765 0.05
0.8587 -1.84015 0.957742 -2.84239 -7.50765 0.05
0.89956 -1.97519 0.674187 -2.56196 -7.50765 0.05
0.925865 -2.09658 0.375519 -2.29548 -7.50765 0.05
0.936887 -2.20489 0.0634757 -2.03841 -7.50765 0.05
0.932082 -2.30053 -0.256266 -1.78797 -7.50765 0.05
0.910683 -2.38251 -0.597392 -1.49277 -6.46022 0.05
0.872693 -2.44998 -0.917442 -1.20791 -6.46022 0.05
0.814984 -2.49375 -1.37586 -0.547673 1.85847 0.05
0.734731 -2.50083 -1.81335 0.259838 5.59936 0.05
0.635794 -2.4682 -2.12274 1.04126 5.59936 0.05
0.524473 -2.39705 -2.312 1.80214 5.59936 0.05
0.40607 -2.28814 -2.41352 2.55427 5.59936 0.05
0.283671 -2.14135 -2.48244 3.32321 5.59936 0.05
0.157231 -1.95474 -2.58722 4.15823 5.59936 0.05
0.0230798 -1.72296 -2.80488 5.15032 5.59936 0.05
-0.126826 -1.4342 -3.23968 6.4799 5.59936 0.05
-0.307831 -1.06267 -4.10118 8.56826 5.59936 0.05
-0.552452 -0.547444 -5.89918 12.4663 5.59936 0.05
-0.897682 0.184572 -7.17739 15.3773 5.59936 0.05
-1.19588 0.846249 -4.71873 11.0783 5.59936 0.05
-1.38377 1.32647 -2.90627 8.41304 5.59936 0.05
-1.49175 1.70537 -1.42287 6.84731 5.59936 0.05
-1.52446 2.01732 0.148375 5.65971 5.59936 0.05
-1.47279 2.27215 1.95782 4.526 5.59936 0.05
-1.32637 2.46834 3.89701 3.30273 5.59936 0.05
-1.08328 2.59255 5.73898 1.66256 -1.72417 0.05
-0.763505 2.63506 6.92723 0.0501649 -1.72417 0.05
-0.403532 2.59946 7.34201 -1.44848 -1.72417 0.05
-0.0413616 2.49346 7.04064 -2.75179 -1.72417 0.05
0.292785 2.32881 6.27845 -3.78616 -1.72417 0.05
0.584772 2.11952 5.40886 -4.54358 -1.72417 0.05
0.836017 1.8778 4.67417 -5.10073 -1.72417 0.05
1.05586 1.61085 4.15751 -5.57331 -1.72417 0.05
1.25552 1.31986 3.8662 -6.08341 -1.72417 0.05
1.4463 0.999651 3.80512 -6.76622 -1.72417 0.05
1.64025 0.637905 3.99383 -7.76204 -1.72417 0.05
1.84757 0.221411 4.26163 -8.81221 -1.72417 0.05
2.05313 -0.216515 3.78317 -8.35581 -1.72417 0.05
2.21654 -0.596699 2.74909 -6.85981 -1.72417 0.05
2.33044 -0.909303 1.83229 -5.71895 -1.72417 0.05
2.40128 -1.17425 1.00544 -4.91673 -1.72417 0.05
2.42311 -1.38789 -0.119214 -3.67506 4.93947 0.05
2.38972 -1.544 -1.21807 -2.57324 4.93947 0.05
2.30808 -1.6596 -2.07018 -2.01543 -3.52478 0.05
2.18086 -1.74164 -3.03125 -1.22381 -3.52478 0.05
2.00272 -1.77352 -4.08383 -0.00752715 -1.04039 0.05
1.76923 -1.72601 -5.21604 1.95679 6.2208 0.05
1.48472 -1.57218 -6.14058 4.26604 6.2208 0.05
1.15475 -1.2893 -7.10547 7.20447 6.2208 0.05
0.761444 -0.823885 -8.87777 11.8993 6.2208 0.05
0.230566 -0.033871 -12.2859 19.3844 6.2208 0.05
-0.334546 0.821604 -9.85007 13.6539 6.2208 0.05
-0.785356 1.37784 -8.47838 9.08113 6.2208 0.05
-1.19937 1.75646 -8.16265 6.19508 6.2208 0.05
-1.60349 2.00449 -7.96836 3.76574 6.2208 0.05
-1.98914 2.13649 -7.36347 1.55382 6.2208 0.05
-2.33029 2.16499 -6.19935 -0.350772 6.2208 0.05
-2.60341 2.10854 -4.69917 -1.83104 6.2208 0.05
-2.80043 1.98953 -3.20864 -2.85524 6.2208 0.05
-2.92857 1.82987 -1.97018 -3.46868 6.2208 0.05
-3.00311 1.6483 -1.06814 -3.7431 6.2208 0.05
-3.04081 1.4603 -0.490835 -3.73221 6.2208 0.05
-3.05698 1.27953 -0.200782 -3.45369 6.2208 0.05
-3.06515 1.11956 -0.166875 -2.89702 6.2208 0.05
-3.0775 0.99463 -0.36262 -2.05347 6.2208 0.05
-3.0836 0.877139 0.124357 -2.66332 -5.95211 0.05
-3.07119 0.739781 0.370778 -2.83733 -2.41225 0.05
-3.05073 0.600936 0.441395 -2.71328 -0.579126 0.05
-3.02746 0.468522 0.487148 -2.58541 -0.579126 0.05
-3.00204 0.341862 0.531544 -2.48974 -0.579126 0.05
-2.99288 0.256191 -0.174798 -0.923095 5.0375 0.05
-3.0199 0.24986 -0.905858 0.66619 5.0375 0.05
-3.06238 0.280274 -0.801398 0.563596 -1.19014 0.05
-3.10399 0.313872 -0.868675 0.789203 -0.213294 0.05
-3.13922 0.338914 -0.549859 0.228852 -3.51681 0.05
-3.1544 0.327473 -0.0587702 -0.684472 -5.12398 0.05
-3.15583 0.291819 0.00411252 -0.748319 -1.7612 0.05
-3.15369 0.251892 0.0853442 -0.857241 -1.7612 0.05
-3.14688 0.20513 0.191929 -1.02423 -1.7612 0.05
-3.13392 0.14821 0.333136 -1.26693 -1.7612 0.05
-3.11878 0.0887822 0.27912 -1.12473 -0.138883 0.05
-3.1295 0.082656 -0.70263 0.868261 6.35147 0.05
-3.15042 0.0981668 -0.142156 -0.233191 -4.10532 0.05
