0 0 0 0
0.0748354 0.263045 0.321473 0.4
0.115757 0.12113 0.321473 0.2
0.118242 -0.094962 0.321473 0.2
0.0834989 -0.227751 0.321473 0.2
-0.148097 -1.91193 -2.23988 0.2
-0.581891 -2.1555 -2.23988 0.2
-0.921568 -1.09409 -2.23988 0.2
-0.678807 3.35527 1.92962 0.2
0.262392 5.43474 1.92962 0.2
1.24321 3.94009 1.92962 0.2
1.55558 -0.778501 -0.880733 0.2
0.961931 -4.99832 -0.880733 0.2
-0.268665 -6.55339 -0.880733 0.2
-1.36602 -3.98927 -0.880733 0.2
-1.94933 -1.91237 -2.4951 0.2
-2.17272 -0.411528 -2.4951 0.2
-2.11664 0.974299 -2.29599 0.2
-1.76599 2.5965 -2.29599 0.2
-1.06838 4.29513 -2.29599 0.2
-0.162563 4.28405 -2.29599 0.2
0.448512 1.47024 -2.29599 0.2
0.374247 -2.1196 -2.29599 0.2
-0.28249 -3.99269 -2.29599 0.2
-1.03321 -3.1422 -2.29599 0.2
-1.46057 -1.07597 -2.29599 0.2
-1.16205 3.95323 1.62745 0.2
-0.00307921 6.98967 1.62745 0.2
1.30662 5.47859 1.62745 0.2
2.11271 2.70563 1.62745 0.2
2.38835 0.199204 0.676338 0.2
2.09505 -3.2103 -0.759118 0.2
1.05759 -7.14118 -0.759118 0.2
-0.556905 -8.02496 -0.759118 0.2
-1.84491 -4.63566 -0.759118 0.2
-2.46965 -1.87954 -0.759118 0.2
-2.68245 -0.385116 -0.759118 0.2
-2.52982 1.96673 0.681489 0.2
-1.8298 5.25856 0.681489 0.2
-0.407576 8.55762 0.681489 0.2
1.23321 6.95234 0.681489 0.2
2.2538 3.43519 0.681489 0.2
2.72337 1.52895 0.681489 0.2
2.94607 0.844276 0.681489 0.2
3.04096 0.173956 -0.120579 0.2
